[[ 1.          0.15643731  0.20447641  0.06843123  0.08321704  0.11021032
   0.08502001  0.08244009  0.04728457  0.12709593  0.07364182  0.0865442
   0.21268838  0.08287351  0.07269906  0.04644233  0.0700624   0.07269021
   0.03642199  0.06121333  0.04256637  0.09685718  0.12081627  0.10424033
   0.04810729  0.13639038  0.13319579  0.13938277  0.09447011  0.13390783
   0.01974253  0.13711388  0.02645914  0.12042464  0.0822161   0.04551722
   0.19595753  0.16941272  0.03948591  0.09565006  0.11654833  0.01558822
   0.11090659  0.12196693  0.19452291  0.01346482  0.03738876  0.09364998
   0.05679004  0.10297589  0.0604507   0.06182498  0.03664243  0.10798088
   0.04614461  0.01332076  0.08865341  0.12360733  0.03961679  0.03943304
   0.09069405  0.18112292  0.0804171   0.0849684   0.17866377  0.09051696
   0.01458914  0.12793009  0.11678788  0.1123461   0.08568305  0.05166253
   0.10572648  0.11962557  0.10046109  0.13051376  0.08084693  0.13412398
   0.04758635  0.21565487]
 [ 0.15643731  1.          0.1903445   0.05592823  0.15295326  0.15150264
   0.08567928  0.08343621  0.12197089  0.11190967  0.07060802  0.10704059
   0.09880296  0.06385673  0.10723502  0.0764657   0.15834829  0.04137834
   0.06348082  0.06500791  0.0161688   0.10013025  0.07343519  0.15030668
   0.06385039  0.1102607   0.13280821  0.15731362  0.14786659  0.08077641
   0.05163545  0.13846161  0.06675857  0.13734696  0.10517992  0.12654514
   0.1036936   0.15393777  0.0389419   0.08295868  0.14878226  0.06230709
   0.09768823  0.0992543   0.12827075  0.11916858  0.09563968  0.11758908
   0.10826051  0.09325765  0.11298033  0.07318037  0.0391411   0.22322952
   0.12743291  0.04168953  0.05040801  0.10116114  0.110008    0.05809398
   0.07701921  0.13460097  0.04905863  0.10455369  0.14430105  0.10307515
   0.02728028  0.0366712   0.10521906  0.10493817  0.08387848  0.08586179
   0.12834294  0.07364753  0.08951061  0.14159305  0.11630384  0.0687197
   0.09263681  0.13153089]
 [ 0.20447641  0.1903445   1.          0.11985556  0.06157923  0.07996706
   0.08110513  0.11940761  0.04435119  0.13576707  0.0685186   0.08632838
   0.29493937  0.15242141  0.07262847  0.07770121  0.10344051  0.06947682
   0.0599773   0.07795118  0.02208853  0.0697015   0.0800158   0.13937602
   0.05575464  0.10543049  0.15332385  0.149049    0.17617601  0.06480419
   0.08950581  0.21975498  0.07184201  0.05452098  0.08660053  0.14781265
   0.15287746  0.14923607  0.07291288  0.09623403  0.06755459  0.01724352
   0.12412902  0.08819677  0.23061323  0.09339864  0.08040384  0.1378748
   0.14605678  0.12538916  0.12163037  0.0798346   0.06249996  0.16197705
   0.08948517  0.0331035   0.11789052  0.07182927  0.1038367   0.07420274
   0.12165811  0.2350328   0.15821947  0.16372661  0.23257037  0.01721531
   0.06645172  0.06226196  0.12347994  0.09503056  0.09510942  0.24039226
   0.10657605  0.10115575  0.15329939  0.21183173  0.19522794  0.1675167
   0.08470012  0.23387558]
 [ 0.06843123  0.05592823  0.11985556  1.          0.12000939  0.29468611
   0.09505295  0.14920946  0.08160327  0.19024162  0.18773602  0.09214653
   0.14834941  0.07699192  0.07038727  0.13242409  0.05274247  0.14079691
   0.18034954  0.08968115  0.12998391  0.14459082  0.08716818  0.23133792
   0.12538334  0.1408806   0.24120913  0.17792855  0.14224733  0.08779556
   0.17473954  0.09981485  0.0792001   0.06579201  0.11866814  0.22217483
   0.26470654  0.07972314  0.0600899   0.1771829   0.1610087   0.08430604
   0.12436548  0.11576626  0.19996968  0.21055029  0.18144642  0.18312215
   0.05115339  0.1067395   0.07319396  0.06026408  0.20394022  0.05654443
   0.08562181  0.14271998  0.05446532  0.12522499  0.11472764  0.09215071
   0.03464443  0.07023912  0.23341165  0.09482857  0.19575993  0.08053049
   0.01652402  0.09450496  0.1699686   0.15772882  0.03613131  0.17020213
   0.07008856  0.08225888  0.18611908  0.07473976  0.23281028  0.07945896
   0.15083336  0.11853229]
 [ 0.08321704  0.15295326  0.06157923  0.12000939  1.          0.25552494
   0.1772869   0.10305396  0.14800635  0.1483163   0.1530879   0.09420974
   0.08688841  0.11094911  0.1026806   0.12653781  0.09325799  0.12022717
   0.19683026  0.09376278  0.09967432  0.1486331   0.07411788  0.08737417
   0.14597113  0.20525509  0.14348315  0.24210744  0.10478499  0.15808608
   0.15449457  0.06048828  0.18850182  0.12158594  0.23686992  0.10607385
   0.19799694  0.08604796  0.2238223   0.12348542  0.19317422  0.22652126
   0.10275906  0.14204358  0.1261568   0.1502612   0.15818282  0.18907954
   0.05884302  0.06342965  0.10139403  0.0477962   0.12828838  0.12167108
   0.09613847  0.12729869  0.05228557  0.21159857  0.28881299  0.0538063
   0.07348864  0.14740436  0.09899788  0.19380016  0.03969578  0.1393566
   0.08369244  0.20955222  0.27818448  0.1639313   0.08810772  0.08319467
   0.02812589  0.09133929  0.117609    0.13852893  0.17781751  0.24183987
   0.10941683  0.10638483]
 [ 0.11021032  0.15150264  0.07996706  0.29468611  0.25552494  1.
   0.11810159  0.13697155  0.09911608  0.2404814   0.29417709  0.07131915
   0.09223141  0.08274491  0.13943586  0.09628801  0.09065859  0.08487916
   0.23213851  0.12689202  0.17822945  0.24279243  0.03893021  0.17905213
   0.15839721  0.1814786   0.28531386  0.29963774  0.10470128  0.09802115
   0.22141016  0.10908611  0.103035    0.18790214  0.24852305  0.20270595
   0.38241305  0.04864508  0.13744425  0.07172904  0.26583519  0.15111734
   0.11432875  0.06233498  0.20337769  0.3760834   0.24370425  0.23826502
   0.09088619  0.06931029  0.10584219  0.0406556   0.25345675  0.02853374
   0.09773761  0.20524679  0.01378135  0.18508983  0.22165076  0.1357309
   0.05403678  0.0671119   0.11723556  0.18461518  0.08789011  0.10325389
   0.06651129  0.09464553  0.34620187  0.15474328  0.09001569  0.14652488
   0.04953516  0.06623049  0.22334486  0.09430922  0.18260465  0.08356028
   0.08070224  0.06682551]
 [ 0.08502001  0.08567928  0.08110513  0.09505295  0.1772869   0.11810159
   1.          0.17231824  0.16416806  0.14206559  0.18122762  0.08595031
   0.04971621  0.05409929  0.11909035  0.04745527  0.12437716  0.09968753
   0.09778605  0.06040564  0.06582145  0.10249936  0.01161491  0.1009878
   0.05724451  0.18258539  0.10901503  0.11536329  0.1432056   0.05860166
   0.16887131  0.13700851  0.14110984  0.05019823  0.1165843   0.15914685
   0.16619038  0.04302052  0.02118012  0.0554264   0.16136077  0.11903823
   0.1328115   0.13129     0.08150718  0.18367728  0.08969735  0.13851215
   0.20416892  0.13375271  0.05223461  0.07250687  0.09519109  0.0921137
   0.07795716  0.1456587   0.04291753  0.12957919  0.12507988  0.06652829
   0.05485331  0.11251426  0.05774076  0.12060617  0.16698273  0.10354941
   0.11985743  0.06140373  0.13258318  0.17664508  0.05626114  0.0674017
   0.02431058  0.0253539   0.1175727   0.1574848   0.06568775  0.05094667
   0.09866863  0.0956021 ]
 [ 0.08244009  0.08343621  0.11940761  0.14920946  0.10305396  0.13697155
   0.17231824  1.          0.12227618  0.1034437   0.27155143  0.0394908
   0.0612735   0.07504441  0.08529916  0.07949268  0.06718901  0.10615505
   0.11078231  0.05758291  0.09709574  0.18561637  0.03548797  0.10028116
   0.10851968  0.12858901  0.13805924  0.18027664  0.12651597  0.09382962
   0.2145151   0.07532809  0.07489247  0.09173261  0.14681246  0.12075004
   0.1776352   0.03565557  0.05175148  0.07291302  0.11206312  0.06329783
   0.07549868  0.11721168  0.08556416  0.1740338   0.08255404  0.1258673
   0.2537026   0.10045168  0.10603977  0.19038325  0.0771072   0.08881396
   0.07421183  0.09890294  0.10394624  0.22469344  0.05852807  0.04016264
   0.07501595  0.14366692  0.08159108  0.07575501  0.13137846  0.04864627
   0.12979399  0.04181039  0.10727034  0.0829163   0.12098307  0.07926331
   0.0895185   0.06176476  0.08077827  0.08316318  0.09091008  0.06794737
   0.13006615  0.08283601]
 [ 0.04728457  0.12197089  0.04435119  0.08160327  0.14800635  0.09911608
   0.16416806  0.12227618  1.          0.09621352  0.13651643  0.06258574
   0.02067821  0.04181914  0.10806086  0.1246768   0.0641829   0.07746966
   0.15968373  0.05814869  0.07876092  0.1772866   0.08754305  0.05536472
   0.0742382   0.09574619  0.08232172  0.11996137  0.0604182   0.06369576
   0.16452688  0.08947734  0.07265475  0.05479738  0.09383457  0.07879847
   0.11568608  0.06282923  0.02824269  0.08005968  0.12580732  0.10094253
   0.06763152  0.07174664  0.10099706  0.16166905  0.07857168  0.11427224
   0.13363528  0.03311617  0.03731745  0.19445775  0.08316747  0.05116647
   0.06733998  0.09363797  0.02657241  0.16848095  0.06934844  0.09217707
   0.07082421  0.04527539  0.04558172  0.07893783  0.04434366  0.06659862
   0.10547712  0.04269302  0.12751936  0.12176211  0.07186428  0.08444144
   0.02812135  0.08532     0.10071811  0.04212492  0.1066583   0.05937215
   0.0778134   0.05963612]
 [ 0.12709593  0.11190967  0.13576707  0.19024162  0.1483163   0.2404814
   0.14206559  0.1034437   0.09621352  1.          0.23057048  0.10633968
   0.13820944  0.08625164  0.07612669  0.11252012  0.05927653  0.05511216
   0.17114676  0.16419476  0.1523037   0.15279566  0.07233504  0.18404311
   0.09521891  0.18236976  0.19527019  0.23253027  0.05246649  0.09465523
   0.12101802  0.15297051  0.09817024  0.12855148  0.10926405  0.1423469
   0.26429795  0.0199685   0.0417214   0.10894678  0.185307    0.106823
   0.20503525  0.10341523  0.17081091  0.2241898   0.17698723  0.16604919
   0.06365525  0.17226501  0.11070553  0.04711801  0.21219205  0.09814441
   0.13399216  0.19172023  0.07269057  0.08980321  0.10663662  0.08687433
   0.09264079  0.24212384  0.12146386  0.19282917  0.2390347   0.05325434
   0.04699403  0.08345014  0.27102526  0.1836246   0.12046779  0.12580064
   0.02150189  0.06674483  0.15341724  0.2481687   0.19543089  0.08998825
   0.1216383   0.06363171]
 [ 0.07364182  0.07060802  0.0685186   0.18773602  0.1530879   0.29417709
   0.18122762  0.27155143  0.13651643  0.23057048  1.          0.04454575
   0.08111853  0.08701201  0.12494087  0.17294153  0.05353697  0.08293935
   0.22470554  0.09286553  0.14473384  0.2365094   0.02261046  0.16068858
   0.12504969  0.14445601  0.26789733  0.21075855  0.09422442  0.10855888
   0.22140199  0.09528891  0.09981136  0.13556212  0.21894344  0.21559548
   0.3304137   0.05182927  0.04248794  0.07460305  0.15560799  0.08917527
   0.10974207  0.0425682   0.13254373  0.28631571  0.20035573  0.19105763
   0.15278506  0.05967416  0.08499308  0.14602708  0.23418219  0.03803152
   0.09322081  0.26562372  0.07586499  0.18720224  0.14021048  0.09076071
   0.02507531  0.03789073  0.0980452   0.13733621  0.06547626  0.07032313
   0.12073417  0.06156807  0.31317162  0.12304761  0.0731336   0.10206401
   0.04159866  0.03722918  0.18154129  0.07531301  0.14625464  0.08759906
   0.10452144  0.05041504]
 [ 0.0865442   0.10704059  0.08632838  0.09214653  0.09420974  0.07131915
   0.08595031  0.0394908   0.06258574  0.10633968  0.04454575  1.
   0.10392106  0.09940667  0.12407291  0.05096396  0.07686327  0.06297488
   0.08323647  0.04928262  0.06742983  0.12145769  0.02019406  0.09505657
   0.04249437  0.13322084  0.11158396  0.06663824  0.09460449  0.08838106
   0.0567744   0.09118573  0.0552373   0.0598265   0.09727467  0.0894008
   0.09993929  0.10329792  0.12671336  0.0805054   0.05825735  0.03786971
   0.08870825  0.13432373  0.07719942  0.04803204  0.07365852  0.11711486
   0.08282888  0.08651586  0.07379624  0.06152058  0.05071103  0.14748784
   0.0715484   0.07398539  0.07978215  0.05582765  0.09996028  0.08184709
   0.09104386  0.16707234  0.10889997  0.04134805  0.17185388  0.0565544
   0.03566347  0.03468479  0.06130019  0.1430049   0.02444804  0.07884501
   0.04792246  0.09548427  0.08192484  0.15989815  0.10790946  0.05242748
   0.10180853  0.09630763]
 [ 0.21268838  0.09880296  0.29493937  0.14834941  0.08688841  0.09223141
   0.04971621  0.0612735   0.02067821  0.13820944  0.08111853  0.10392106
   1.          0.08522943  0.04848811  0.08436498  0.09927024  0.04048766
   0.12231111  0.03593697  0.04137868  0.07355607  0.03418104  0.21325708
   0.02266872  0.09043794  0.14552948  0.05192844  0.15513419  0.10536662
   0.03766174  0.12240885  0.05367045  0.08622386  0.07935797  0.08428836
   0.17850693  0.10854668  0.08341816  0.16342387  0.11083844  0.01606418
   0.16847864  0.08194377  0.10239126  0.08517307  0.0933039   0.12114182
   0.0609767   0.08439443  0.08298053  0.0385605   0.09164664  0.18521716
   0.13731326  0.09731113  0.17017847  0.02330926  0.0792608   0.05283908
   0.07037105  0.11275704  0.14453543  0.132594    0.15308583  0.07036215
   0.05563036  0.04454581  0.11406218  0.09611744  0.10831272  0.10859753
   0.16904559  0.06198882  0.16438828  0.14842344  0.13623631  0.11894714
   0.08674543  0.10249561]
 [ 0.08287351  0.06385673  0.15242141  0.07699192  0.11094911  0.08274491
   0.05409929  0.07504441  0.04181914  0.08625164  0.08701201  0.09940667
   0.08522943  1.          0.09723075  0.0208727   0.08034132  0.06186189
   0.13913979  0.07245613  0.05584445  0.0670209   0.11897557  0.07222495
   0.08278219  0.10865844  0.13447107  0.0627619   0.1131681   0.06863255
   0.07701868  0.09594579  0.06389209  0.038802    0.13128451  0.08994475
   0.1320305   0.09049965  0.083735    0.09572468  0.05804427  0.11106276
   0.15825608  0.10815522  0.07705202  0.04940227  0.08834187  0.09788875
   0.06770005  0.06188536  0.08592129  0.04481011  0.05073616  0.08409755
   0.05014263  0.07547181  0.10525559  0.07179427  0.08859359  0.03666852
   0.08472795  0.1462743   0.1262406   0.07272317  0.14418652  0.12348353
   0.03174031  0.00710498  0.13633793  0.12469583  0.06308237  0.0531651
   0.070832    0.08700492  0.10215041  0.0763745   0.10697171  0.0809969
   0.10253201  0.05216222]
 [ 0.07269906  0.10723502  0.07262847  0.07038727  0.1026806   0.13943586
   0.11909035  0.08529916  0.10806086  0.07612669  0.12494087  0.12407291
   0.04848811  0.09723075  1.          0.0705128   0.19434849  0.05132065
   0.15347857  0.07039903  0.10197353  0.12973303  0.01555686  0.10557577
   0.08785021  0.1430189   0.12188702  0.07386854  0.08897562  0.08898677
   0.10046674  0.06102179  0.04698879  0.04677774  0.11403617  0.11318957
   0.1242463   0.0965091   0.06459261  0.03978684  0.13038773  0.08433975
   0.06730427  0.07956118  0.06855233  0.15358226  0.11808899  0.15022629
   0.08400454  0.04048114  0.07656585  0.03348398  0.13883222  0.04585309
   0.02712569  0.08671941  0.03075676  0.17376687  0.06174808  0.09774424
   0.02622534  0.05761468  0.08212712  0.05465571  0.09955386  0.05663372
   0.04161265  0.02270265  0.10219646  0.07295517  0.04184813  0.1032752
   0.04578484  0.02354787  0.08774365  0.0930013   0.08696161  0.0320753
   0.05572808  0.05584745]
 [ 0.04644233  0.0764657   0.07770121  0.13242409  0.12653781  0.09628801
   0.04745527  0.07949268  0.1246768   0.11252012  0.17294153  0.05096396
   0.08436498  0.0208727   0.0705128   1.          0.02861261  0.05305846
   0.17921018  0.04172674  0.11252323  0.19612682  0.03915525  0.0780258
   0.05262566  0.07809317  0.25295048  0.16934283  0.11246138  0.11198567
   0.18869453  0.15326155  0.06006361  0.09449587  0.12595661  0.0609198
   0.20783865  0.06932227  0.05430275  0.06774932  0.10910661  0.12938136
   0.07442813  0.06746796  0.03501254  0.16045257  0.11052798  0.10401679
   0.16852796  0.13895172  0.10879483  0.22656448  0.11744024  0.08138597
   0.08226174  0.21103416  0.04019007  0.12995103  0.06243556  0.03419856
   0.11826149  0.12371972  0.06877947  0.14551681  0.08272993  0.07699139
   0.05218252  0.06760875  0.10524285  0.10880958  0.20112745  0.06014789
   0.02727013  0.12389297  0.06813677  0.05628155  0.16179364  0.17177085
   0.09327253  0.1252589 ]
 [ 0.0700624   0.15834829  0.10344051  0.05274247  0.09325799  0.09065859
   0.12437716  0.06718901  0.0641829   0.05927653  0.05353697  0.07686327
   0.09927024  0.08034132  0.19434849  0.02861261  1.          0.04358619
   0.08473482  0.08354893  0.04677071  0.06789536  0.03810556  0.16771282
   0.05235911  0.14737239  0.08414882  0.08465678  0.20570188  0.11356099
   0.0607033   0.17779735  0.06690961  0.0469248   0.11050361  0.07064946
   0.06802655  0.14334103  0.09955742  0.06119713  0.11811843  0.07410211
   0.04472212  0.17008689  0.03516776  0.08524753  0.07415712  0.11420524
   0.11755162  0.05364099  0.08556634  0.08045989  0.06491665  0.19129415
   0.15215843  0.07487888  0.06097899  0.14958436  0.09711827  0.10458742
   0.05166956  0.11221163  0.10954632  0.12279421  0.12174272  0.07037474
   0.02803341  0.02533161  0.1051802   0.1185251   0.12224601  0.08643354
   0.21995578  0.13967794  0.14353563  0.0621707   0.07734548  0.05893107
   0.07568211  0.05820504]
 [ 0.07269021  0.04137834  0.06947682  0.14079691  0.12022717  0.08487916
   0.09968753  0.10615505  0.07746966  0.05511216  0.08293935  0.06297488
   0.04048766  0.06186189  0.05132065  0.05305846  0.04358619  1.          0.110755
   0.06939818  0.04014916  0.09478529  0.0407032   0.05215106  0.05294635
   0.08970875  0.12045539  0.18560711  0.06201717  0.11104348  0.06686967
   0.07665637  0.0288824   0.01142016  0.08245408  0.15349117  0.10515193
   0.03787895  0.01914665  0.16537505  0.10225487  0.05530203  0.07275747
   0.06963466  0.08320256  0.06172796  0.14199756  0.07427243  0.09039365
   0.07696637  0.13706601  0.08390292  0.03556618  0.07369227  0.0919613
   0.05753707  0.06349215  0.09822205  0.05367994  0.03475352  0.1659589
   0.1151499   0.1929247   0.07316996  0.14255962  0.0217661   0.03662704
   0.04301581  0.0698974   0.13454622  0.17023509  0.10205511  0.08342245
   0.12612988  0.05736055  0.07614202  0.07594066  0.16256543  0.16886824
   0.05246352]
 [ 0.03642199  0.06348082  0.0599773   0.18034954  0.19683026  0.23213851
   0.09778605  0.11078231  0.15968373  0.17114676  0.22470554  0.08323647
   0.12231111  0.13913979  0.15347857  0.17921018  0.08473482  0.110755    1.
   0.07656673  0.21273335  0.22643738  0.07084448  0.16889606  0.16099194
   0.21217709  0.19356189  0.19838207  0.09759041  0.13751642  0.18678485
   0.14157346  0.11029587  0.14068825  0.33285672  0.19916745  0.32366139
   0.13743437  0.13748409  0.11880547  0.19602184  0.13985889  0.15640424
   0.11958401  0.07323521  0.19023429  0.25622786  0.29223523  0.14906655
   0.08235701  0.12459653  0.16123806  0.26249489  0.0852044   0.17230215
   0.19441071  0.15183487  0.11257432  0.19800777  0.10267322  0.10899971
   0.08203004  0.16644994  0.10871446  0.09651402  0.1719812   0.0513108
   0.11222526  0.25489626  0.15507193  0.07259392  0.12169485  0.1592396
   0.1335467   0.22526993  0.06731865  0.25915074  0.07342438  0.16384843
   0.10875742]
 [ 0.06121333  0.06500791  0.07795118  0.08968115  0.09376278  0.12689202
   0.06040564  0.05758291  0.05814869  0.16419476  0.09286553  0.04928262
   0.03593697  0.07245613  0.07039903  0.04172674  0.08354893  0.06939818
   0.07656673  1.          0.09431923  0.07648136  0.02089661  0.10050504
   0.08602115  0.08080783  0.11855486  0.2166276   0.05778585  0.07586102
   0.20236019  0.08068412  0.06880862  0.02890095  0.07885119  0.08096704
   0.13549382  0.11927819  0.05753845  0.05443121  0.088761    0.10051373
   0.11681985  0.03380562  0.09656474  0.09850674  0.09159944  0.14741753
   0.06235699  0.13163582  0.09169209  0.02518551  0.09228148  0.04203163
   0.11643088  0.07180359  0.01486171  0.10828471  0.06464789  0.03810067
   0.0283244   0.06477054  0.0761143   0.10108496  0.11779906  0.04512388
   0.03480895  0.03051853  0.09447503  0.12004544  0.07083167  0.11203951
   0.0420818   0.02636843  0.13601071  0.05637846  0.18423829  0.05860501
   0.11629151  0.05468187]
 [ 0.04256637  0.0161688   0.02208853  0.12998391  0.09967432  0.17822945
   0.06582145  0.09709574  0.07876092  0.1523037   0.14473384  0.06742983
   0.04137868  0.05584445  0.10197353  0.11252323  0.04677071  0.04014916
   0.21273335  0.09431923  1.          0.27370057  0.05668304  0.1602384
   0.07369135  0.12473314  0.14527955  0.14054802  0.03749536  0.0960759
   0.15308654  0.09065282  0.05493476  0.14353137  0.1642115   0.14439281
   0.27872286  0.07126341  0.08460822  0.07215315  0.17358103  0.14986533
   0.07399825  0.03188572  0.03666831  0.24643606  0.13972954  0.1264819
   0.0718154   0.03235576  0.13722438  0.05275349  0.12168485  0.03191797
   0.06080855  0.11376983  0.          0.09433901  0.15777035  0.07322939
   0.0379518   0.08888233  0.04709672  0.03992672  0.08264911  0.14773656
   0.02503497  0.06095954  0.14539932  0.1230266   0.03122406  0.11740101
   0.0191187   0.04823396  0.15361364  0.07317597  0.16209142  0.02476125
   0.08172574  0.08963442]
 [ 0.09685718  0.10013025  0.0697015   0.14459082  0.1486331   0.24279243
   0.10249936  0.18561637  0.1772866   0.15279566  0.2365094   0.12145769
   0.07355607  0.0670209   0.12973303  0.19612682  0.06789536  0.09478529
   0.22643738  0.07648136  0.27370057  1.          0.06782077  0.0883585
   0.0863271   0.17406813  0.25200827  0.18607595  0.11127346  0.1603347
   0.20714938  0.08703056  0.09301068  0.21821245  0.24887356  0.18281556
   0.33176436  0.09123624  0.10446594  0.11949837  0.2259981   0.10886549
   0.08208709  0.08479538  0.15763411  0.25411847  0.23469477  0.17759084
   0.15026363  0.13800515  0.07530278  0.13538531  0.12793476  0.07098228
   0.0695909   0.27618429  0.04050483  0.14933395  0.21120723  0.08775496
   0.13097103  0.13074173  0.09150418  0.14361091  0.12971196  0.08153642
   0.08883556  0.0262171   0.22592161  0.14740946  0.11013842  0.11061664
   0.04112279  0.07278035  0.12186857  0.07028363  0.16357908  0.09494323
   0.14109611  0.17544402]
 [ 0.12081627  0.07343519  0.0800158   0.08716818  0.07411788  0.03893021
   0.01161491  0.03548797  0.08754305  0.07233504  0.02261046  0.02019406
   0.03418104  0.11897557  0.01555686  0.03915525  0.03810556  0.0407032
   0.07084448  0.02089661  0.05668304  0.06782077  1.          0.03154987
   0.03329008  0.08846799  0.06226306  0.10331679  0.05018535  0.03908726
   0.02831867  0.08957285  0.00969037  0.0204795   0.12216499  0.07836146
   0.03806577  0.06970555  0.01086157  0.09939264  0.0476862   0.0412296
   0.09899278  0.04028528  0.11826858  0.01214648  0.03632376  0.04160267
   0.03234892  0.06154343  0.01766187  0.0391526   0.00783053  0.04173596
   0.03808804  0.03555324  0.0204369   0.04194464  0.01706737  0.05854354
   0.04506495  0.07527407  0.01792524  0.04858213  0.04556237  0.02080395
   0.00695878  0.13201789  0.02384101  0.03940536  0.03577881  0.08957368
   0.05288033  0.0778865   0.03032564  0.03133402  0.07509108  0.10242478
   0.03114769  0.04464415]
 [ 0.10424033  0.15030668  0.13937602  0.23133792  0.08737417  0.17905213
   0.1009878   0.10028116  0.05536472  0.18404311  0.16068858  0.09505657
   0.21325708  0.07222495  0.10557577  0.0780258   0.16771282  0.05215106
   0.16889606  0.10050504  0.1602384   0.0883585   0.03154987  1.
   0.08120664  0.17369815  0.14543911  0.21373224  0.11920822  0.08198096
   0.19089366  0.17940089  0.05866973  0.11633713  0.09417309  0.15801458
   0.27012252  0.09796492  0.06188902  0.08839764  0.13774792  0.06524233
   0.11543549  0.12718026  0.14922205  0.23442917  0.1241131   0.27787961
   0.09611008  0.12000458  0.14229783  0.04980823  0.15446543  0.18902715
   0.15480991  0.10909917  0.13570393  0.10004014  0.08887067  0.10040351
   0.07189121  0.11707459  0.10716559  0.10640962  0.16284405  0.06554253
   0.01997116  0.06728868  0.14749182  0.16736754  0.12286802  0.14677743
   0.08933784  0.0563818   0.26369402  0.14845926  0.16264679  0.07788834
   0.10442233  0.15533891]
 [ 0.04810729  0.06385039  0.05575464  0.12538334  0.14597113  0.15839721
   0.05724451  0.10851968  0.0742382   0.09521891  0.12504969  0.04249437
   0.02266872  0.08278219  0.08785021  0.05262566  0.05235911  0.05294635
   0.16099194  0.08602115  0.07369135  0.0863271   0.03329008  0.08120664
   1.          0.0707119   0.092261    0.11536019  0.02858679  0.06050223
   0.16659227  0.147281    0.21470503  0.03093822  0.05632171  0.07033927
   0.13630391  0.06770331  0.0535303   0.04729417  0.13806845  0.06310811
   0.05572125  0.05800868  0.06453055  0.13597663  0.08262403  0.11354548
   0.03593457  0.02212125  0.03755116  0.0475613   0.10212794  0.03815981
   0.07422713  0.07903789  0.04010555  0.13018579  0.14323831  0.04606343
   0.08497261  0.02070543  0.07506192  0.06147809  0.02224152  0.07511326
   0.06154573  0.11518375  0.0946862   0.05919051  0.03389106  0.0651019
   0.02944275  0.09149646  0.11032699  0.          0.06711073  0.03134329
   0.05091615  0.02130151]
 [ 0.13639038  0.1102607   0.10543049  0.1408806   0.20525509  0.1814786
   0.18258539  0.12858901  0.09574619  0.18236976  0.14445601  0.13322084
   0.09043794  0.10865844  0.1430189   0.07809317  0.14737239  0.08970875
   0.21217709  0.08080783  0.12473314  0.17406813  0.08846799  0.17369815
   0.0707119   1.          0.17974625  0.14203353  0.10575269  0.13385326
   0.10733236  0.173631    0.11064396  0.17794182  0.26745675  0.15004596
   0.29317977  0.09781362  0.0750426   0.11575694  0.13093843  0.17881733
   0.15840967  0.15737357  0.12600421  0.12142029  0.13599618  0.22335794
   0.13990082  0.10283019  0.0787202   0.07226519  0.21328604  0.14318893
   0.10835849  0.17326285  0.09309295  0.11061667  0.18399488  0.12105025
   0.11944306  0.11100249  0.13869778  0.11181055  0.13526362  0.12293728
   0.0301216   0.10458681  0.26065567  0.17273657  0.12750688  0.11384783
   0.08689563  0.08677037  0.13478367  0.14942337  0.12205335  0.10732702
   0.10477151  0.11104802]
 [ 0.13319579  0.13280821  0.15332385  0.24120913  0.14348315  0.28531386
   0.10901503  0.13805924  0.08232172  0.19527019  0.26789733  0.11158396
   0.14552948  0.13447107  0.12188702  0.25295048  0.08414882  0.12045539
   0.19356189  0.11855486  0.14527955  0.25200827  0.06226306  0.14543911
   0.092261    0.17974625  1.          0.19749299  0.15643761  0.13088341
   0.16216156  0.11675682  0.07906157  0.14873676  0.1824576   0.34797112
   0.36381694  0.15251662  0.10533479  0.13466825  0.16450664  0.11256104
   0.09655199  0.0697254   0.21526511  0.25000537  0.2446312   0.21484456
   0.106247    0.14386348  0.15136521  0.09950014  0.18327346  0.06308776
   0.08991425  0.20788858  0.07789259  0.15098263  0.18208638  0.08179853
   0.09590104  0.10322573  0.15730338  0.22028088  0.27650798  0.0987278
   0.05001135  0.03987052  0.34677223  0.16964401  0.13118826  0.16443826
   0.03888788  0.07891695  0.20334758  0.13427665  0.15418623  0.10719046
   0.11987952  0.12907004]
 [ 0.13938277  0.15731362  0.149049    0.17792855  0.24210744  0.29963774
   0.11536329  0.18027664  0.11996137  0.23253027  0.21075855  0.06663824
   0.05192844  0.0627619   0.07386854  0.16934283  0.08465678  0.18560711
   0.19838207  0.2166276   0.14054802  0.18607595  0.10331679  0.21373224
   0.11536019  0.14203353  0.19749299  1.          0.09581441  0.18515132
   0.17499943  0.11641145  0.06411581  0.08734563  0.13486897  0.15561217
   0.29516501  0.08548557  0.04140026  0.06834884  0.22304563  0.16898814
   0.11546673  0.06141402  0.23911458  0.26388388  0.22125805  0.19724244
   0.11335461  0.13409223  0.17112983  0.07175118  0.15852346  0.11486039
   0.15015833  0.12474358  0.02861494  0.24381317  0.12335     0.08159714
   0.13107788  0.25595356  0.08463904  0.23034361  0.0895082   0.08400595
   0.07860038  0.06963613  0.15908678  0.18296345  0.08395806  0.09234965
   0.06313422  0.11400294  0.13101375  0.15002396  0.21121006  0.13606118
   0.1648902   0.18112254]
 [ 0.09447011  0.14786659  0.17617601  0.14224733  0.10478499  0.10470128
   0.1432056   0.12651597  0.0604182   0.05246649  0.09422442  0.09460449
   0.15513419  0.1131681   0.08897562  0.11246138  0.20570188  0.06201717
   0.09759041  0.05778585  0.03749536  0.11127346  0.05018535  0.11920822
   0.02858679  0.10575269  0.15643761  0.09581441  1.          0.10179935
   0.07825751  0.16418826  0.08116442  0.07068665  0.14863601  0.12781222
   0.15492877  0.16599652  0.13949119  0.11016762  0.11977931  0.11655623
   0.16173904  0.12744997  0.08926465  0.08080548  0.08319788  0.10954863
   0.13310373  0.11945765  0.07594981  0.13139757  0.04644361  0.28698737
   0.0710933   0.12581606  0.07025004  0.07991668  0.07689133  0.06556298
   0.13445601  0.12136708  0.11333605  0.13544335  0.21754778  0.0676644
   0.04508197  0.00912257  0.08036148  0.11840312  0.14002636  0.08966852
   0.18001237  0.10617109  0.13456651  0.09472949  0.11253178  0.1353126
   0.06923093  0.11366457]
 [ 0.13390783  0.08077641  0.06480419  0.08779556  0.15808608  0.09802115
   0.05860166  0.09382962  0.06369576  0.09465523  0.10855888  0.08838106
   0.10536662  0.06863255  0.08898677  0.11198567  0.11356099  0.11104348
   0.13751642  0.07586102  0.0960759   0.1603347   0.03908726  0.08198096
   0.06050223  0.13385326  0.13088341  0.18515132  0.10179935  1.
   0.13854357  0.06998876  0.0379548   0.0330725   0.12950289  0.10112737
   0.23830486  0.08009982  0.07201495  0.0844108   0.14907197  0.02001478
   0.08668428  0.05369954  0.08339374  0.08168797  0.14000701  0.16568723
   0.05012989  0.14517095  0.04664736  0.10177352  0.08859719  0.12542742
   0.04615215  0.14678544  0.05798397  0.09507809  0.12814603  0.01534351
   0.23680108  0.20311404  0.11676036  0.13190461  0.0684028   0.08395247
   0.08431984  0.02628486  0.1029184   0.1375665   0.0513036   0.03766147
   0.00526224  0.06417347  0.09668078  0.14930524  0.10318106  0.11324986
   0.13113303  0.0833206 ]
 [ 0.01974253  0.05163545  0.08950581  0.17473954  0.15449457  0.22141016
   0.16887131  0.2145151   0.16452688  0.12101802  0.22140199  0.0567744
   0.03766174  0.07701868  0.10046674  0.18869453  0.0607033   0.06686967
   0.18678485  0.20236019  0.15308654  0.20714938  0.02831867  0.19089366
   0.16659227  0.10733236  0.16216156  0.17499943  0.07825751  0.13854357
   1.          0.08834509  0.06987909  0.12419286  0.14094755  0.14625767
   0.29077646  0.14313887  0.12370538  0.07641642  0.21741798  0.11770808
   0.06730073  0.03304697  0.0540771   0.25814082  0.14528684  0.24736049
   0.16019956  0.11309312  0.14552326  0.13433067  0.1740857   0.05785838
   0.08765086  0.13001134  0.05641764  0.28631351  0.12523995  0.07475968
   0.06154242  0.0647922   0.06150458  0.13245135  0.07916523  0.09323125
   0.23830279  0.06616776  0.23297728  0.11501654  0.11488966  0.12875585
   0.02343305  0.02139936  0.17823383  0.04765342  0.20691028  0.01781451
   0.09911669  0.07899869]
 [ 0.13711388  0.13846161  0.21975498  0.09981485  0.06048828  0.10908611
   0.13700851  0.07532809  0.08947734  0.15297051  0.09528891  0.09118573
   0.12240885  0.09594579  0.06102179  0.15326155  0.17779735  0.07665637
   0.14157346  0.08068412  0.09065282  0.08703056  0.08957285  0.17940089
   0.147281    0.173631    0.11675682  0.11641145  0.16418826  0.06998876
   0.08834509  1.          0.11434503  0.03297217  0.07660889  0.09778161
   0.16046783  0.15035742  0.04858798  0.05068241  0.11131192  0.11701908
   0.15575005  0.13424137  0.05733068  0.09460915  0.11224583  0.14646312
   0.1256786   0.07158354  0.09413313  0.09425056  0.09133741  0.20082329
   0.11070044  0.08449586  0.08144437  0.08657215  0.10304244  0.14554194
   0.1847837   0.19866942  0.09911507  0.12448362  0.13162204  0.07804519
   0.06509014  0.05723068  0.10638019  0.14303985  0.09820679  0.10154829
   0.18210579  0.17878378  0.19694732  0.15659605  0.11502331  0.0906173
   0.07715893  0.08349329]
 [ 0.02645914  0.06675857  0.07184201  0.0792001   0.18850182  0.103035
   0.14110984  0.07489247  0.07265475  0.09817024  0.09981136  0.0552373
   0.05367045  0.06389209  0.04698879  0.06006361  0.06690961  0.0288824
   0.11029587  0.06880862  0.05493476  0.09301068  0.00969037  0.05866973
   0.21470503  0.11064396  0.07906157  0.06411581  0.08116442  0.0379548
   0.06987909  0.11434503  1.          0.0738268   0.15730598  0.07794707
   0.09526973  0.01926875  0.05525117  0.06785127  0.10699443  0.14459738
   0.04261213  0.14578524  0.03120472  0.09144736  0.06096754  0.08123626
   0.03273963  0.06058902  0.07239492  0.05251678  0.07892272  0.0470796
   0.09273838  0.0813421   0.03124469  0.06451824  0.17961076  0.05083424
   0.05937012  0.08740289  0.05497387  0.08680963  0.07320225  0.0581073
   0.03087142  0.20556858  0.14643671  0.11120999  0.03472156  0.05129164
   0.04094112  0.14284536  0.09509475  0.07286312  0.06972004  0.06421213
   0.06836513  0.03466139]
 [ 0.12042464  0.13734696  0.05452098  0.06579201  0.12158594  0.18790214
   0.05019823  0.09173261  0.05479738  0.12855148  0.13556212  0.0598265
   0.08622386  0.038802    0.04677774  0.09449587  0.0469248   0.01142016
   0.14068825  0.02890095  0.14353137  0.21821245  0.0204795   0.11633713
   0.03093822  0.17794182  0.14873676  0.08734563  0.07068665  0.0330725
   0.12419286  0.03297217  0.0738268   1.          0.16011055  0.10385235
   0.23589824  0.13191083  0.02907122  0.12973553  0.13542751  0.04770117
   0.01375333  0.0784444   0.07216997  0.10777944  0.13297692  0.11099534
   0.06958863  0.0338315   0.04054932  0.03396748  0.09733038  0.02832571
   0.07424027  0.07490545  0.0528625   0.04995146  0.13882034  0.07009005
   0.02690453  0.03542047  0.09135487  0.07241646  0.05511915  0.08097295
   0.02681305  0.03521925  0.19063587  0.11320781  0.16397853  0.10200477
   0.02668371  0.06887507  0.09962386  0.10453869  0.0935798   0.01928082
   0.13852236  0.06429754]
 [ 0.0822161   0.10517992  0.08660053  0.11866814  0.23686992  0.24852305
   0.1165843   0.14681246  0.09383457  0.10926405  0.21894344  0.09727467
   0.07935797  0.13128451  0.11403617  0.12595661  0.11050361  0.08245408
   0.33285672  0.07885119  0.1642115   0.24887356  0.12216499  0.09417309
   0.05632171  0.26745675  0.1824576   0.13486897  0.14863601  0.12950289
   0.14094755  0.07660889  0.15730598  0.16011055  1.          0.21042561
   0.27210299  0.07518216  0.19160245  0.11053095  0.11628256  0.21605631
   0.17067481  0.16101311  0.07670002  0.16889856  0.16018177  0.21372472
   0.09968704  0.04924996  0.1247316   0.09700328  0.13628464  0.09585407
   0.11596329  0.12974159  0.09696249  0.12873643  0.22435489  0.09854979
   0.09600707  0.07033494  0.08089352  0.06956751  0.09856738  0.13427654
   0.0439685   0.1335685   0.32540916  0.12791415  0.13524151  0.11227802
   0.11205664  0.13883438  0.16922318  0.06540694  0.22380599  0.08338821
   0.15675497  0.07598861]
 [ 0.04551722  0.12654514  0.14781265  0.22217483  0.10607385  0.20270595
   0.15914685  0.12075004  0.07879847  0.1423469   0.21559548  0.0894008
   0.08428836  0.08994475  0.11318957  0.0609198   0.07064946  0.15349117
   0.19916745  0.08096704  0.14439281  0.18281556  0.07836146  0.15801458
   0.07033927  0.15004596  0.34797112  0.15561217  0.12781222  0.10112737
   0.14625767  0.09778161  0.07794707  0.10385235  0.21042561  1.
   0.25300313  0.0697821   0.08920416  0.0946698   0.16382247  0.07414894
   0.13928925  0.10503182  0.07653328  0.2561895   0.2803093   0.18723715
   0.12732692  0.07641991  0.15930778  0.03926595  0.19116771  0.06258098
   0.0679817   0.15085624  0.07683775  0.10115996  0.12928949  0.07563805
   0.06306055  0.10548535  0.18686239  0.11864566  0.17779484  0.07482089
   0.05357114  0.048871    0.25281711  0.14426449  0.07923106  0.19261083
   0.01402778  0.07555533  0.1872302   0.09878959  0.13281301  0.06045512
   0.12356049  0.12996812]
 [ 0.19595753  0.1036936   0.15287746  0.26470654  0.19799694  0.38241305
   0.16619038  0.1776352   0.11568608  0.26429795  0.3304137   0.09993929
   0.17850693  0.1320305   0.1242463   0.20783865  0.06802655  0.10515193
   0.32366139  0.13549382  0.27872286  0.33176436  0.03806577  0.27012252
   0.13630391  0.29317977  0.36381694  0.29516501  0.15492877  0.23830486
   0.29077646  0.16046783  0.09526973  0.23589824  0.27210299  0.25300313
   1.          0.11380337  0.07244054  0.10438011  0.30682375  0.12414559
   0.26180098  0.08989976  0.20824622  0.30230312  0.21581698  0.28029144
   0.09832599  0.15597147  0.14230244  0.1210337   0.2454911   0.10105522
   0.13111065  0.20359585  0.09653277  0.17843767  0.24651551  0.1885019
   0.10078972  0.12841026  0.14166228  0.17314322  0.16017344  0.10793324
   0.08096322  0.10540352  0.3568621   0.2259441   0.10282063  0.16914454
   0.06027194  0.08807249  0.25410791  0.22155138  0.20938536  0.11194483
   0.09313577  0.15339497]
 [ 0.16941272  0.15393777  0.14923607  0.07972314  0.08604796  0.04864508
   0.04302052  0.03565557  0.06282923  0.0199685   0.05182927  0.10329792
   0.10854668  0.09049965  0.0965091   0.06932227  0.14334103  0.03787895
   0.13743437  0.11927819  0.07126341  0.09123624  0.06970555  0.09796492
   0.06770331  0.09781362  0.15251662  0.08548557  0.16599652  0.08009982
   0.14313887  0.15035742  0.01926875  0.13191083  0.07518216  0.0697821
   0.11380337  1.          0.07056784  0.05223154  0.09035688  0.06469122
   0.06498591  0.04839234  0.05721441  0.02929217  0.05537518  0.12049005
   0.08117958  0.04059978  0.04427378  0.04169208  0.03825667  0.12526386
   0.08419185  0.01709003  0.03141415  0.08698551  0.09089597  0.10481487
   0.03373137  0.09115301  0.03271836  0.06800223  0.17786515  0.05562558
   0.03088762  0.03788786  0.05977257  0.12461787  0.08337702  0.09916957
   0.14421712  0.06472081  0.15759046  0.03408659  0.09593779  0.03569305
   0.11018758  0.08127289]
 [ 0.03948591  0.0389419   0.07291288  0.0600899   0.2238223   0.13744425
   0.02118012  0.05175148  0.02824269  0.0417214   0.04248794  0.12671336
   0.08341816  0.083735    0.06459261  0.05430275  0.09955742  0.01914665
   0.13748409  0.05753845  0.08460822  0.10446594  0.01086157  0.06188902
   0.0535303   0.0750426   0.10533479  0.04140026  0.13949119  0.07201495
   0.12370538  0.04858798  0.05525117  0.02907122  0.19160245  0.08920416
   0.07244054  0.07056784  1.          0.13727307  0.09143084  0.09954712
   0.09411884  0.10481068  0.02566388  0.06630687  0.10118672  0.09374929
   0.10702313  0.05347834  0.05718316  0.0560583   0.0279503   0.17359375
   0.0147094   0.04197618  0.13252895  0.06046918  0.12914438  0.06515427
   0.1007553   0.1562277   0.09361193  0.06024957  0.09319766  0.07813249
   0.06335425  0.10560788  0.11474593  0.09514048  0.03936034  0.10468118
   0.03150278  0.10539722  0.09717983  0.0974247   0.07428046  0.10127691
   0.08601778  0.14073495]
 [ 0.09565006  0.08295868  0.09623403  0.1771829   0.12348542  0.07172904
   0.0554264   0.07291302  0.08005968  0.10894678  0.07460305  0.0805054
   0.16342387  0.09572468  0.03978684  0.06774932  0.06119713  0.16537505
   0.11880547  0.05443121  0.07215315  0.11949837  0.09939264  0.08839764
   0.04729417  0.11575694  0.13466825  0.06834884  0.11016762  0.0844108
   0.07641642  0.05068241  0.06785127  0.12973553  0.11053095  0.0946698
   0.10438011  0.05223154  0.13727307  1.          0.1106776   0.05692893
   0.09554056  0.08560451  0.09127644  0.09887854  0.08424323  0.0956745
   0.06461368  0.07974924  0.07049115  0.05535584  0.05362528  0.14471808
   0.07063423  0.09032235  0.1250415   0.06668334  0.07587207  0.0364063
   0.09183978  0.13354231  0.20742528  0.08165768  0.14488182  0.0795981
   0.03364269  0.08208857  0.09626925  0.20679085  0.07173175  0.14857097
   0.04958177  0.0816328   0.06402202  0.07140961  0.13141647  0.08926112
   0.14658267  0.07525877]
 [ 0.11654833  0.14878226  0.06755459  0.1610087   0.19317422  0.26583519
   0.16136077  0.11206312  0.12580732  0.185307    0.15560799  0.05825735
   0.11083844  0.05804427  0.13038773  0.10910661  0.11811843  0.10225487
   0.19602184  0.088761    0.17358103  0.2259981   0.0476862   0.13774792
   0.13806845  0.13093843  0.16450664  0.22304563  0.11977931  0.14907197
   0.21741798  0.11131192  0.10699443  0.13542751  0.11628256  0.16382247
   0.30682375  0.09035688  0.09143084  0.1106776   1.          0.12896753
   0.11890058  0.15630511  0.11681553  0.24324521  0.22677786  0.20571187
   0.06634396  0.08513362  0.13531334  0.05243449  0.16683551  0.1142819
   0.07424621  0.14409972  0.06913186  0.20614236  0.16302377  0.13266971
   0.07764449  0.14072788  0.15569781  0.16392128  0.142575    0.09612843
   0.09219218  0.08514341  0.15996278  0.15101008  0.12387554  0.06526938
   0.06412224  0.06354688  0.21382997  0.10926593  0.14022206  0.09635094
   0.11677625  0.08746523]
 [ 0.01558822  0.06230709  0.01724352  0.08430604  0.22652126  0.15111734
   0.11903823  0.06329783  0.10094253  0.106823    0.08917527  0.03786971
   0.01606418  0.11106276  0.08433975  0.12938136  0.07410211  0.05530203
   0.13985889  0.10051373  0.14986533  0.10886549  0.0412296   0.06524233
   0.06310811  0.17881733  0.11256104  0.16898814  0.11655623  0.02001478
   0.11770808  0.11701908  0.14459738  0.04770117  0.21605631  0.07414894
   0.12414559  0.06469122  0.09954712  0.05692893  0.12896753  1.
   0.15242423  0.10605969  0.02183094  0.13394127  0.0721944   0.14162267
   0.07027473  0.04028515  0.06975694  0.04256555  0.09297312  0.10767661
   0.04771551  0.11701075  0.02036851  0.12793136  0.16129902  0.04926737
   0.03859186  0.10499087  0.05878548  0.07060232  0.09013712  0.05987262
   0.00789072  0.13598285  0.1774862   0.14173714  0.12601833  0.07193514
   0.06867467  0.09819393  0.09256341  0.04176478  0.1041201   0.08034096
   0.05387494  0.02482012]
 [ 0.11090659  0.09768823  0.12412902  0.12436548  0.10275906  0.11432875
   0.1328115   0.07549868  0.06763152  0.20503525  0.10974207  0.08870825
   0.16847864  0.15825608  0.06730427  0.07442813  0.04472212  0.07275747
   0.15640424  0.11681985  0.07399825  0.08208709  0.09899278  0.11543549
   0.05572125  0.15840967  0.09655199  0.11546673  0.16173904  0.08668428
   0.06730073  0.15575005  0.04261213  0.01375333  0.17067481  0.13928925
   0.26180098  0.06498591  0.09411884  0.09554056  0.11890058  0.15242423
   1.          0.0865284   0.08850304  0.08068399  0.09996743  0.12790832
   0.12169469  0.17473837  0.09628984  0.05527636  0.07624602  0.19467443
   0.06958539  0.06627204  0.12289177  0.04665372  0.10752905  0.05067655
   0.15849557  0.11760036  0.10495786  0.09685414  0.20749108  0.11297351
   0.07704838  0.07317873  0.09701044  0.12463917  0.03697926  0.07330221
   0.08618215  0.09631852  0.08306298  0.17722744  0.13476938  0.08268491
   0.04129436  0.10895069]
 [ 0.12196693  0.0992543   0.08819677  0.11576626  0.14204358  0.06233498
   0.13129     0.11721168  0.07174664  0.10341523  0.0425682   0.13432373
   0.08194377  0.10815522  0.07956118  0.06746796  0.17008689  0.06963466
   0.11958401  0.03380562  0.03188572  0.08479538  0.04028528  0.12718026
   0.05800868  0.15737357  0.0697254   0.06141402  0.12744997  0.05369954
   0.03304697  0.13424137  0.14578524  0.0784444   0.16101311  0.10503182
   0.08989976  0.04839234  0.10481068  0.08560451  0.15630511  0.10605969
   0.0865284   1.          0.08096414  0.03470589  0.05106673  0.1113534
   0.16167256  0.08099418  0.07402549  0.07784269  0.05901618  0.15517551
   0.06669215  0.06956211  0.05589076  0.07759444  0.12940088  0.05992618
   0.0631405   0.12646638  0.13657685  0.12056568  0.20330244  0.13125695
   0.05795898  0.11072918  0.12800093  0.12153945  0.08024121  0.06817585
   0.07787852  0.10010809  0.08407841  0.08444357  0.08353332  0.17438542
   0.07132432  0.07625974]
 [ 0.19452291  0.12827075  0.23061323  0.19996968  0.1261568   0.20337769
   0.08150718  0.08556416  0.10099706  0.17081091  0.13254373  0.07719942
   0.10239126  0.07705202  0.06855233  0.03501254  0.03516776  0.08320256
   0.07323521  0.09656474  0.03666831  0.15763411  0.11826858  0.14922205
   0.06453055  0.12600421  0.21526511  0.23911458  0.08926465  0.08339374
   0.0540771   0.05733068  0.03120472  0.07216997  0.07670002  0.07653328
   0.20824622  0.05721441  0.02566388  0.09127644  0.11681553  0.02183094
   0.08850304  0.08096414  1.          0.07268032  0.08909432  0.09583083
   0.07530446  0.17685604  0.09759991  0.05517961  0.10137614  0.07249365
   0.05371918  0.12409173  0.04095095  0.06305123  0.05864663  0.03586301
   0.06110251  0.14372206  0.09163087  0.1659383   0.17417934  0.02301785
   0.02338252  0.02854635  0.16065252  0.08816194  0.03772771  0.03796459
   0.02504195  0.051324    0.09864314  0.17317663  0.12650815  0.23900023
   0.06363999  0.18950762]
 [ 0.01346482  0.11916858  0.09339864  0.21055029  0.1502612   0.3760834
   0.18367728  0.1740338   0.16166905  0.2241898   0.28631571  0.04803204
   0.08517307  0.04940227  0.15358226  0.16045257  0.08524753  0.06172796
   0.19023429  0.09850674  0.24643606  0.25411847  0.01214648  0.23442917
   0.13597663  0.12142029  0.25000537  0.26388388  0.08080548  0.08168797
   0.25814082  0.09460915  0.09144736  0.10777944  0.16889856  0.2561895
   0.30230312  0.02929217  0.06630687  0.09887854  0.24324521  0.13394127
   0.08068399  0.03470589  0.07268032  1.          0.21226424  0.22059243
   0.17370294  0.05731548  0.13567404  0.06529084  0.23134878  0.04281576
   0.10017086  0.2726019   0.01308424  0.2016292   0.16207841  0.11245808
   0.09615729  0.12916128  0.0795263   0.14389537  0.0892908   0.05002694
   0.1636428   0.06723904  0.25449066  0.14191309  0.10292135  0.12820537
   0.0101308   0.0200017   0.21014277  0.13314017  0.16773164  0.01024615
   0.08660866  0.08468008]
 [ 0.03738876  0.09563968  0.08040384  0.18144642  0.15818282  0.24370425
   0.08969735  0.08255404  0.07857168  0.17698723  0.20035573  0.07365852
   0.0933039   0.08834187  0.11808899  0.11052798  0.07415712  0.14199756
   0.25622786  0.09159944  0.13972954  0.23469477  0.03632376  0.1241131
   0.08262403  0.13599618  0.2446312   0.22125805  0.08319788  0.14000701
   0.14528684  0.11224583  0.06096754  0.13297692  0.16018177  0.2803093
   0.21581698  0.05537518  0.10118672  0.08424323  0.22677786  0.0721944
   0.09996743  0.05106673  0.08909432  0.21226424  1.          0.21838645
   0.06760208  0.03650067  0.09949461  0.02969908  0.21195112  0.06891536
   0.0817411   0.17817071  0.06887331  0.10501567  0.14425066  0.06365873
   0.1151381   0.05728856  0.14307966  0.12200053  0.06125017  0.05412809
   0.08898102  0.05049032  0.19649506  0.13529174  0.07798993  0.12951914
   0.02705736  0.06701714  0.16454834  0.07438677  0.1802011   0.10579325
   0.16167102  0.10112297]
 [ 0.09364998  0.11758908  0.1378748   0.18312215  0.18907954  0.23826502
   0.13851215  0.1258673   0.11427224  0.16604919  0.19105763  0.11711486
   0.12114182  0.09788875  0.15022629  0.10401679  0.11420524  0.07427243
   0.29223523  0.14741753  0.1264819   0.17759084  0.04160267  0.27787961
   0.11354548  0.22335794  0.21484456  0.19724244  0.10954863  0.16568723
   0.24736049  0.14646312  0.08123626  0.11099534  0.21372472  0.18723715
   0.28029144  0.12049005  0.09374929  0.0956745   0.20571187  0.14162267
   0.12790832  0.1113534   0.09583083  0.22059243  0.21838645  1.
   0.09069259  0.07252977  0.15940771  0.07810403  0.26704237  0.11276302
   0.16580246  0.18698154  0.12395171  0.16655729  0.1523285   0.11456312
   0.08561192  0.09673298  0.11365514  0.09901226  0.08980061  0.08438329
   0.0568753   0.13599247  0.20883014  0.1987406   0.1352436   0.17867459
   0.11270834  0.07622219  0.27561843  0.10315922  0.2673684   0.0988364
   0.14815116  0.10216642]
 [ 0.05679004  0.10826051  0.14605678  0.05115339  0.05884302  0.09088619
   0.20416892  0.2537026   0.13363528  0.06365525  0.15278506  0.08282888
   0.0609767   0.06770005  0.08400454  0.16852796  0.11755162  0.09039365
   0.14906655  0.06235699  0.0718154   0.15026363  0.03234892  0.09611008
   0.03593457  0.13990082  0.106247    0.11335461  0.13310373  0.05012989
   0.16019956  0.1256786   0.03273963  0.06958863  0.09968704  0.12732692
   0.09832599  0.08117958  0.10702313  0.06461368  0.06634396  0.07027473
   0.12169469  0.16167256  0.07530446  0.17370294  0.06760208  0.09069259
   1.          0.14354285  0.06203355  0.18613846  0.04325207  0.15421632
   0.04773646  0.05977847  0.04896171  0.14752803  0.07548436  0.0895857
   0.13152817  0.15942662  0.06299925  0.07511767  0.16886494  0.10604511
   0.09132201  0.01539946  0.14665359  0.09551404  0.07134844  0.07889155
   0.0446146   0.1144115   0.09753896  0.11319398  0.08580042  0.09651923
   0.08292062  0.17517596]
 [ 0.10297589  0.09325765  0.12538916  0.1067395   0.06342965  0.06931029
   0.13375271  0.10045168  0.03311617  0.17226501  0.05967416  0.08651586
   0.08439443  0.06188536  0.04048114  0.13895172  0.05364099  0.07696637
   0.08235701  0.13163582  0.03235576  0.13800515  0.06154343  0.12000458
   0.02212125  0.10283019  0.14386348  0.13409223  0.11945765  0.14517095
   0.11309312  0.07158354  0.06058902  0.0338315   0.04924996  0.07641991
   0.15597147  0.04059978  0.05347834  0.07974924  0.08513362  0.04028515
   0.17473837  0.08099418  0.17685604  0.05731548  0.03650067  0.07252977
   0.14354285  1.          0.0633392   0.20137143  0.03284975  0.12635406
   0.14785484  0.13949005  0.07206091  0.05819554  0.01989224  0.01989901
   0.13817813  0.11858206  0.06317814  0.16401932  0.19800637  0.03624493
   0.03068855  0.01311793  0.05102596  0.12534181  0.04760116  0.08240681
   0.02039324  0.04509947  0.07572926  0.14018511  0.08762014  0.1277762
   0.07119839  0.19871309]
 [ 0.0604507   0.11298033  0.12163037  0.07319396  0.10139403  0.10584219
   0.05223461  0.10603977  0.03731745  0.11070553  0.08499308  0.07379624
   0.08298053  0.08592129  0.07656585  0.10879483  0.08556634  0.13706601
   0.12459653  0.09169209  0.13722438  0.07530278  0.01766187  0.14229783
   0.03755116  0.0787202   0.15136521  0.17112983  0.07594981  0.04664736
   0.14552326  0.09413313  0.07239492  0.04054932  0.1247316   0.15930778
   0.14230244  0.04427378  0.05718316  0.07049115  0.13531334  0.06975694
   0.09628984  0.07402549  0.09759991  0.13567404  0.09949461  0.15940771
   0.06203355  0.0633392   1.          0.05768262  0.08343379  0.0580752
   0.16291631  0.09049804  0.06230933  0.11988217  0.08918832  0.03434292
   0.02745764  0.14979432  0.12439557  0.10685188  0.11106488  0.09983211
   0.0247105   0.04723973  0.11259341  0.15914741  0.11351439  0.06970103
   0.07285103  0.11045218  0.11750509  0.10413434  0.11826204  0.1271013
   0.10054443  0.06678555]
 [ 0.06182498  0.07318037  0.0798346   0.06026408  0.0477962   0.0406556
   0.07250687  0.19038325  0.19445775  0.04711801  0.14602708  0.06152058
   0.0385605   0.04481011  0.03348398  0.22656448  0.08045989  0.08390292
   0.16123806  0.02518551  0.05275349  0.13538531  0.0391526   0.04980823
   0.0475613   0.07226519  0.09950014  0.07175118  0.13139757  0.10177352
   0.13433067  0.09425056  0.05251678  0.03396748  0.09700328  0.03926595
   0.1210337   0.04169208  0.0560583   0.05535584  0.05243449  0.04256555
   0.05527636  0.07784269  0.05517961  0.06529084  0.02969908  0.07810403
   0.18613846  0.20137143  0.05768262  1.          0.0271138   0.09656666
   0.05206643  0.13983662  0.05394862  0.15705738  0.03322325  0.03947114
   0.10909324  0.08249529  0.05057917  0.11898147  0.12727257  0.01783636
   0.11058466  0.0124311   0.06550543  0.06312881  0.0745737   0.05080985
   0.06811257  0.12257929  0.01846739  0.05062623  0.12059883  0.0927539
   0.05471387  0.11288773]
 [ 0.03664243  0.0391411   0.06249996  0.20394022  0.12828838  0.25345675
   0.09519109  0.0771072   0.08316747  0.21219205  0.23418219  0.05071103
   0.09164664  0.05073616  0.13883222  0.11744024  0.06491665  0.03556618
   0.26249489  0.09228148  0.12168485  0.12793476  0.00783053  0.15446543
   0.10212794  0.21328604  0.18327346  0.15852346  0.04644361  0.08859719
   0.1740857   0.09133741  0.07892272  0.09733038  0.13628464  0.19116771
   0.2454911   0.03825667  0.0279503   0.05362528  0.16683551  0.09297312
   0.07624602  0.05901618  0.10137614  0.23134878  0.21195112  0.26704237
   0.04325207  0.03284975  0.08343379  0.0271138   1.          0.0628461
   0.17576021  0.22918818  0.01605468  0.11115763  0.12128558  0.10426241
   0.03325976  0.04832198  0.10185881  0.11723057  0.10944167  0.046941
   0.01916494  0.07819657  0.24358099  0.13088692  0.07787893  0.06192113
   0.03042485  0.04503803  0.19509786  0.07779381  0.13398057  0.0456759
   0.05990652  0.05622805]
 [ 0.10798088  0.22322952  0.16197705  0.05654443  0.12167108  0.02853374
   0.0921137   0.08881396  0.05116647  0.09814441  0.03803152  0.14748784
   0.18521716  0.08409755  0.04585309  0.08138597  0.19129415  0.07369227
   0.0852044   0.04203163  0.03191797  0.07098228  0.04173596  0.18902715
   0.03815981  0.14318893  0.06308776  0.11486039  0.28698737  0.12542742
   0.05785838  0.20082329  0.0470796   0.02832571  0.09585407  0.06258098
   0.10105522  0.12526386  0.17359375  0.14471808  0.1142819   0.10767661
   0.19467443  0.15517551  0.07249365  0.04281576  0.06891536  0.11276302
   0.15421632  0.12635406  0.0580752   0.09656666  0.0628461   1.
   0.13308293  0.06854188  0.06803889  0.05282763  0.06733806  0.09637667
   0.20262952  0.16927256  0.11856936  0.1663467   0.1893686   0.13083442
   0.10723309  0.0217173   0.08731573  0.10462762  0.09016215  0.06838449
   0.13506821  0.11890376  0.14708905  0.15143287  0.10179995  0.24023147
   0.06954747  0.19401797]
 [ 0.04614461  0.12743291  0.08948517  0.08562181  0.09613847  0.09773761
   0.07795716  0.07421183  0.06733998  0.13399216  0.09322081  0.0715484
   0.13731326  0.05014263  0.02712569  0.08226174  0.15215843  0.0919613
   0.17230215  0.11643088  0.06080855  0.0695909   0.03808804  0.15480991
   0.07422713  0.10835849  0.08991425  0.15015833  0.0710933   0.04615215
   0.08765086  0.11070044  0.09273838  0.07424027  0.11596329  0.0679817
   0.13111065  0.08419185  0.0147094   0.07063423  0.07424621  0.04771551
   0.06958539  0.06669215  0.05371918  0.10017086  0.0817411   0.16580246
   0.04773646  0.14785484  0.16291631  0.05206643  0.17576021  0.13308293
   1.          0.07800505  0.07184046  0.07897688  0.06661565  0.0836209
   0.12705252  0.05974465  0.05176514  0.14727127  0.1332127   0.02586375
   0.02835917  0.0526881   0.09625143  0.12099643  0.03982799  0.06540829
   0.21076586  0.07562389  0.18025736  0.09940242  0.16195081  0.04663833
   0.09085146  0.0583673 ]
 [ 0.01332076  0.04168953  0.0331035   0.14271998  0.12729869  0.20524679
   0.1456587   0.09890294  0.09363797  0.19172023  0.26562372  0.07398539
   0.09731113  0.07547181  0.08671941  0.21103416  0.07487888  0.05753707
   0.19441071  0.07180359  0.11376983  0.27618429  0.03555324  0.10909917
   0.07903789  0.17326285  0.20788858  0.12474358  0.12581606  0.14678544
   0.13001134  0.08449586  0.0813421   0.07490545  0.12974159  0.15085624
   0.20359585  0.01709003  0.04197618  0.09032235  0.14409972  0.11701075
   0.06627204  0.06956211  0.12409173  0.2726019   0.17817071  0.18698154
   0.05977847  0.13949005  0.09049804  0.13983662  0.22918818  0.06854188
   0.07800505  1.          0.04524036  0.13317336  0.12783878  0.10382895
   0.10303953  0.10149864  0.07252332  0.20864282  0.09359115  0.06532866
   0.04233099  0.0662575   0.18780099  0.16690257  0.1481347   0.06844736
   0.04795997  0.02332036  0.16463577  0.07702296  0.10300015  0.04780869
   0.08507955  0.05520215]
 [ 0.08865341  0.05040801  0.11789052  0.05446532  0.05228557  0.01378135
   0.04291753  0.10394624  0.02657241  0.07269057  0.07586499  0.07978215
   0.17017847  0.10525559  0.03075676  0.04019007  0.06097899  0.06349215
   0.15183487  0.01486171  0.          0.04050483  0.0204369   0.13570393
   0.04010555  0.09309295  0.07789259  0.02861494  0.07025004  0.05798397
   0.05641764  0.08144437  0.03124469  0.0528625   0.09696249  0.07683775
   0.09653277  0.03141415  0.13252895  0.1250415   0.06913186  0.02036851
   0.12289177  0.05589076  0.04095095  0.01308424  0.06887331  0.12395171
   0.04896171  0.07206091  0.06230933  0.05394862  0.01605468  0.06803889
   0.07184046  0.04524036  1.          0.03748269  0.05063547  0.01267817
   0.06228493  0.10928392  0.06350766  0.02431916  0.12092358  0.064561
   0.08848662  0.01696947  0.04248057  0.09233245  0.06313141  0.0586424
   0.051412    0.08587708  0.05654311  0.05080197  0.08816341  0.06248052
   0.08675105  0.0621403 ]
 [ 0.12360733  0.10116114  0.07182927  0.12522499  0.21159857  0.18508983
   0.12957919  0.22469344  0.16848095  0.08980321  0.18720224  0.05582765
   0.02330926  0.07179427  0.17376687  0.12995103  0.14958436  0.09822205
   0.11257432  0.10828471  0.09433901  0.14933395  0.04194464  0.10004014
   0.13018579  0.11061667  0.15098263  0.24381317  0.07991668  0.09507809
   0.28631351  0.08657215  0.06451824  0.04995146  0.12873643  0.10115996
   0.17843767  0.08698551  0.06046918  0.06668334  0.20614236  0.12793136
   0.04665372  0.07759444  0.06305123  0.2016292   0.10501567  0.16655729
   0.14752803  0.05819554  0.11988217  0.15705738  0.11115763  0.05282763
   0.07897688  0.13317336  0.03748269  1.          0.10696215  0.08482736
   0.04333691  0.11697921  0.0460862   0.12504588  0.07533061  0.05288568
   0.13737518  0.05432571  0.16512861  0.1667086   0.06835596  0.10620834
   0.06786601  0.03224592  0.12444268  0.04928761  0.106424    0.06146027
   0.11568294  0.1036152 ]
 [ 0.03961679  0.110008    0.1038367   0.11472764  0.28881299  0.22165076
   0.12507988  0.05852807  0.06934844  0.10663662  0.14021048  0.09996028
   0.0792608   0.08859359  0.06174808  0.06243556  0.09711827  0.05367994
   0.19800777  0.06464789  0.15777035  0.21120723  0.01706737  0.08887067
   0.14323831  0.18399488  0.18208638  0.12335     0.07689133  0.12814603
   0.12523995  0.10304244  0.17961076  0.13882034  0.22435489  0.12928949
   0.24651551  0.09089597  0.12914438  0.07587207  0.16302377  0.16129902
   0.10752905  0.12940088  0.05864663  0.16207841  0.14425066  0.1523285
   0.07548436  0.01989224  0.08918832  0.03322325  0.12128558  0.06733806
   0.06661565  0.12783878  0.05063547  0.10696215  1.          0.07225262
   0.10063122  0.14282435  0.05745268  0.08644777  0.09471733  0.08485344
   0.05160768  0.12911913  0.19746505  0.12145153  0.04534536  0.06858929
   0.03737009  0.1179323   0.13106717  0.06500236  0.10198365  0.05026071
   0.08095493  0.05905286]
 [ 0.03943304  0.05809398  0.07420274  0.09215071  0.0538063   0.1357309
   0.06652829  0.04016264  0.09217707  0.08687433  0.09076071  0.08184709
   0.05283908  0.03666852  0.09774424  0.03419856  0.10458742  0.03475352
   0.10267322  0.03810067  0.07322939  0.08775496  0.05854354  0.10040351
   0.04606343  0.12105025  0.08179853  0.08159714  0.06556298  0.01534351
   0.07475968  0.14554194  0.05083424  0.07009005  0.09854979  0.07563805
   0.1885019   0.10481487  0.06515427  0.0364063   0.13266971  0.04926737
   0.05067655  0.05992618  0.03586301  0.11245808  0.06365873  0.11456312
   0.0895857   0.01989901  0.03434292  0.03947114  0.10426241  0.09637667
   0.0836209   0.10382895  0.01267817  0.08482736  0.07225262  1.
   0.00983181  0.09668584  0.0491103   0.04169151  0.08222237  0.02773325
   0.0270335   0.07434902  0.121625    0.07111781  0.08904112  0.07836064
   0.10237589  0.0591225   0.19806648  0.08143505  0.07121527  0.01957599
   0.05863933  0.03069443]
 [ 0.09069405  0.07701921  0.12165811  0.03464443  0.07348864  0.05403678
   0.05485331  0.07501595  0.07082421  0.09264079  0.02507531  0.09104386
   0.07037105  0.08472795  0.02622534  0.11826149  0.05166956  0.1659589
   0.10899971  0.0283244   0.0379518   0.13097103  0.04506495  0.07189121
   0.08497261  0.11944306  0.09590104  0.13107788  0.13445601  0.23680108
   0.06154242  0.1847837   0.05937012  0.02690453  0.09600707  0.06306055
   0.10078972  0.03373137  0.1007553   0.09183978  0.07764449  0.03859186
   0.15849557  0.0631405   0.06110251  0.09615729  0.1151381   0.08561192
   0.13152817  0.13817813  0.02745764  0.10909324  0.03325976  0.20262952
   0.12705252  0.10303953  0.06228493  0.04333691  0.10063122  0.00983181
   1.          0.25357869  0.05350453  0.10156783  0.11579935  0.0611548
   0.0635673   0.03377515  0.09972176  0.10332254  0.0633787   0.05789956
   0.01356374  0.11163054  0.07419055  0.23477861  0.06565471  0.05058494
   0.07355779  0.10922282]
 [ 0.18112292  0.13460097  0.2350328   0.07023912  0.14740436  0.0671119
   0.11251426  0.14366692  0.04527539  0.24212384  0.03789073  0.16707234
   0.11275704  0.1462743   0.05761468  0.12371972  0.11221163  0.1151499
   0.08203004  0.06477054  0.08888233  0.13074173  0.07527407  0.11707459
   0.02070543  0.11100249  0.10322573  0.25595356  0.12136708  0.20311404
   0.0647922   0.19866942  0.08740289  0.03542047  0.07033494  0.10548535
   0.12841026  0.09115301  0.1562277   0.13354231  0.14072788  0.10499087
   0.11760036  0.12646638  0.14372206  0.12916128  0.05728856  0.09673298
   0.15942662  0.11858206  0.14979432  0.08249529  0.04832198  0.16927256
   0.05974465  0.10149864  0.10928392  0.11697921  0.14282435  0.09668584
   0.25357869  1.          0.09380854  0.15948182  0.27064079  0.03451394
   0.01584851  0.04538239  0.11022812  0.15823601  0.11276879  0.08574779
   0.05031017  0.16884328  0.18656763  0.36389296  0.12281922  0.15280614
   0.15428671  0.1688391 ]
 [ 0.0804171   0.04905863  0.15821947  0.23341165  0.09899788  0.11723556
   0.05774076  0.08159108  0.04558172  0.12146386  0.0980452   0.10889997
   0.14453543  0.1262406   0.08212712  0.06877947  0.10954632  0.1929247
   0.16644994  0.0761143   0.04709672  0.09150418  0.01792524  0.10716559
   0.07506192  0.13869778  0.15730338  0.08463904  0.11333605  0.11676036
   0.06150458  0.09911507  0.05497387  0.09135487  0.08089352  0.18686239
   0.14166228  0.03271836  0.09361193  0.20742528  0.15569781  0.05878548
   0.10495786  0.13657685  0.09163087  0.0795263   0.14307966  0.11365514
   0.06299925  0.06317814  0.12439557  0.05057917  0.10185881  0.11856936
   0.05176514  0.07252332  0.06350766  0.0460862   0.05745268  0.0491103
   0.05350453  0.09380854  1.          0.07920366  0.20430634  0.07592739
   0.01905071  0.03998676  0.1166329   0.14052973  0.08845911  0.1199714
   0.10908185  0.12770505  0.10301047  0.0861818   0.13123438  0.12357362
   0.17323065  0.06028282]
 [ 0.0849684   0.10455369  0.16372661  0.09482857  0.19380016  0.18461518
   0.12060617  0.07575501  0.07893783  0.19282917  0.13733621  0.04134805
   0.132594    0.07272317  0.05465571  0.14551681  0.12279421  0.07316996
   0.10871446  0.10108496  0.03992672  0.14361091  0.04858213  0.10640962
   0.06147809  0.11181055  0.22028088  0.23034361  0.13544335  0.13190461
   0.13245135  0.12448362  0.08680963  0.07241646  0.06956751  0.11864566
   0.17314322  0.06800223  0.06024957  0.08165768  0.16392128  0.07060232
   0.09685414  0.12056568  0.1659383   0.14389537  0.12200053  0.09901226
   0.07511767  0.16401932  0.10685188  0.11898147  0.11723057  0.1663467
   0.14727127  0.20864282  0.02431916  0.12504588  0.08644777  0.04169151
   0.10156783  0.15948182  0.07920366  1.          0.11359032  0.0645179
   0.05742208  0.05431013  0.20124463  0.1306408   0.08030859  0.07542781
   0.03322146  0.04381522  0.10797665  0.14516298  0.14165958  0.16748998
   0.08013153  0.10325548]
 [ 0.17866377  0.14430105  0.23257037  0.19575993  0.03969578  0.08789011
   0.16698273  0.13137846  0.04434366  0.2390347   0.06547626  0.17185388
   0.15308583  0.14418652  0.09955386  0.08272993  0.12174272  0.14255962
   0.09651402  0.11779906  0.08264911  0.12971196  0.04556237  0.16284405
   0.02224152  0.13526362  0.27650798  0.0895082   0.21754778  0.0684028
   0.07916523  0.13162204  0.07320225  0.05511915  0.09856738  0.17779484
   0.16017344  0.17786515  0.09319766  0.14488182  0.142575    0.09013712
   0.20749108  0.20330244  0.17417934  0.0892908   0.06125017  0.08980061
   0.16886494  0.19800637  0.11106488  0.12727257  0.10944167  0.1893686
   0.1332127   0.09359115  0.12092358  0.07533061  0.09471733  0.08222237
   0.11579935  0.27064079  0.20430634  0.11359032  1.          0.02981336
   0.03652925  0.02710972  0.10583674  0.21998828  0.0551603   0.18208095
   0.09282502  0.1800386   0.11462286  0.27476183  0.12267904  0.09724304
   0.14920366  0.17698215]
 [ 0.09051696  0.10307515  0.01721531  0.08053049  0.1393566   0.10325389
   0.10354941  0.04864627  0.06659862  0.05325434  0.07032313  0.0565544
   0.07036215  0.12348353  0.05663372  0.07699139  0.07037474  0.0217661
   0.1719812   0.04512388  0.14773656  0.08153642  0.02080395  0.06554253
   0.07511326  0.12293728  0.0987278   0.08400595  0.0676644   0.08395247
   0.09323125  0.07804519  0.0581073   0.08097295  0.13427654  0.07482089
   0.10793324  0.05562558  0.07813249  0.0795981   0.09612843  0.05987262
   0.11297351  0.13125695  0.02301785  0.05002694  0.05412809  0.08438329
   0.10604511  0.03624493  0.09983211  0.01783636  0.046941    0.13083442
   0.02586375  0.06532866  0.064561    0.05288568  0.08485344  0.02773325
   0.0611548   0.03451394  0.07592739  0.0645179   0.02981336  1.
   0.00524346  0.07576525  0.1118902   0.08330352  0.0269569   0.02747558
   0.01753464  0.08354743  0.11482871  0.02898074  0.09564257  0.03966668
   0.09978649  0.07631629]
 [ 0.01458914  0.02728028  0.06645172  0.01652402  0.08369244  0.06651129
   0.11985743  0.12979399  0.10547712  0.04699403  0.12073417  0.03566347
   0.05563036  0.03174031  0.04161265  0.05218252  0.02803341  0.03662704
   0.0513108   0.03480895  0.02503497  0.08883556  0.00695878  0.01997116
   0.06154573  0.0301216   0.05001135  0.07860038  0.04508197  0.08431984
   0.23830279  0.06509014  0.03087142  0.02681305  0.0439685   0.05357114
   0.08096322  0.03088762  0.06335425  0.03364269  0.09219218  0.00789072
   0.07704838  0.05795898  0.02338252  0.1636428   0.08898102  0.0568753
   0.09132201  0.03068855  0.0247105   0.11058466  0.01916494  0.10723309
   0.02835917  0.04233099  0.08848662  0.13737518  0.05160768  0.0270335
   0.0635673   0.01584851  0.01905071  0.05742208  0.03652925  0.00524346
   1.          0.0282312   0.13282446  0.03836477  0.05889712  0.01924266
   0.03390083  0.02158381  0.04623382  0.02438738  0.0455313   0.0126136
   0.05328556  0.14269864]
 [ 0.12793009  0.0366712   0.06226196  0.09450496  0.20955222  0.09464553
   0.06140373  0.04181039  0.04269302  0.08345014  0.06156807  0.03468479
   0.04454581  0.00710498  0.02270265  0.06760875  0.02533161  0.04301581
   0.11222526  0.03051853  0.06095954  0.0262171   0.13201789  0.06728868
   0.11518375  0.10458681  0.03987052  0.06963613  0.00912257  0.02628486
   0.06616776  0.05723068  0.20556858  0.03521925  0.1335685   0.048871
   0.10540352  0.03788786  0.10560788  0.08208857  0.08514341  0.13598285
   0.07317873  0.11072918  0.02854635  0.06723904  0.05049032  0.13599247
   0.01539946  0.01311793  0.04723973  0.0124311   0.07819657  0.0217173
   0.0526881   0.0662575   0.01696947  0.05432571  0.12911913  0.07434902
   0.03377515  0.04538239  0.03998676  0.05431013  0.02710972  0.07576525
   0.0282312   1.          0.15064486  0.04935408  0.0374443   0.0778446
   0.0220594   0.08053371  0.04146574  0.05301989  0.08248843  0.06539825
   0.05650117  0.04982781]
 [ 0.11678788  0.10521906  0.12347994  0.1699686   0.27818448  0.34620187
   0.13258318  0.10727034  0.12751936  0.27102526  0.31317162  0.06130019
   0.11406218  0.13633793  0.10219646  0.10524285  0.1051802   0.0698974
   0.25489626  0.09447503  0.14539932  0.22592161  0.02384101  0.14749182
   0.0946862   0.26065567  0.34677223  0.15908678  0.08036148  0.1029184
   0.23297728  0.10638019  0.14643671  0.19063587  0.32540916  0.25281711
   0.3568621   0.05977257  0.11474593  0.09626925  0.15996278  0.1774862
   0.09701044  0.12800093  0.16065252  0.25449066  0.19649506  0.20883014
   0.14665359  0.05102596  0.11259341  0.06550543  0.24358099  0.08731573
   0.09625143  0.18780099  0.04248057  0.16512861  0.19746505  0.121625
   0.09972176  0.11022812  0.1166329   0.20124463  0.10583674  0.1118902
   0.13282446  0.15064486  1.          0.13922667  0.2050078   0.13441298
   0.03580016  0.06434617  0.1935329   0.17986977  0.14664195  0.09376473
   0.12108108  0.08856036]
 [ 0.1123461   0.10493817  0.09503056  0.15772882  0.1639313   0.15474328
   0.17664508  0.0829163   0.12176211  0.1836246   0.12304761  0.1430049
   0.09611744  0.12469583  0.07295517  0.10880958  0.1185251   0.13454622
   0.15507193  0.12004544  0.1230266   0.14740946  0.03940536  0.16736754
   0.05919051  0.17273657  0.16964401  0.18296345  0.11840312  0.1375665
   0.11501654  0.14303985  0.11120999  0.11320781  0.12791415  0.14426449
   0.2259441   0.12461787  0.09514048  0.20679085  0.15101008  0.14173714
   0.12463917  0.12153945  0.08816194  0.14191309  0.13529174  0.1987406
   0.09551404  0.12534181  0.15914741  0.06312881  0.13088692  0.10462762
   0.12099643  0.16690257  0.09233245  0.1667086   0.12145153  0.07111781
   0.10332254  0.15823601  0.14052973  0.1306408   0.21998828  0.08330352
   0.03836477  0.04935408  0.13922667  1.          0.0836877   0.13480762
   0.06264297  0.10985402  0.15857915  0.14903884  0.15320172  0.06952315
   0.15544928  0.06718263]
 [ 0.08568305  0.08387848  0.09510942  0.03613131  0.08810772  0.09001569
   0.05626114  0.12098307  0.07186428  0.12046779  0.0731336   0.02444804
   0.10831272  0.06308237  0.04184813  0.20112745  0.12224601  0.17023509
   0.07259392  0.07083167  0.03122406  0.11013842  0.03577881  0.12286802
   0.03389106  0.12750688  0.13118826  0.08395806  0.14002636  0.0513036
   0.11488966  0.09820679  0.03472156  0.16397853  0.13524151  0.07923106
   0.10282063  0.08337702  0.03936034  0.07173175  0.12387554  0.12601833
   0.03697926  0.08024121  0.03772771  0.10292135  0.07798993  0.1352436
   0.07134844  0.04760116  0.11351439  0.0745737   0.07787893  0.09016215
   0.03982799  0.1481347   0.06313141  0.06835596  0.04534536  0.08904112
   0.0633787   0.11276879  0.08845911  0.08030859  0.0551603   0.0269569
   0.05889712  0.0374443   0.2050078   0.0836877   1.          0.12572806
   0.09881787  0.09889585  0.08593625  0.05671822  0.06049973  0.11913881
   0.10951801  0.05051774]
 [ 0.05166253  0.08586179  0.24039226  0.17020213  0.08319467  0.14652488
   0.0674017   0.07926331  0.08444144  0.12580064  0.10206401  0.07884501
   0.10859753  0.0531651   0.1032752   0.06014789  0.08643354  0.10205511
   0.12169485  0.11203951  0.11740101  0.11061664  0.08957368  0.14677743
   0.0651019   0.11384783  0.16443826  0.09234965  0.08966852  0.03766147
   0.12875585  0.10154829  0.05129164  0.10200477  0.11227802  0.19261083
   0.16914454  0.09916957  0.10468118  0.14857097  0.06526938  0.07193514
   0.07330221  0.06817585  0.03796459  0.12820537  0.12951914  0.17867459
   0.07889155  0.08240681  0.06970103  0.05080985  0.06192113  0.06838449
   0.06540829  0.06844736  0.0586424   0.10620834  0.06858929  0.07836064
   0.05789956  0.08574779  0.1199714   0.07542781  0.18208095  0.02747558
   0.01924266  0.0778446   0.13441298  0.13480762  0.12572806  1.
   0.05303535  0.0944292   0.13015848  0.17762241  0.18276851  0.06799371
   0.14704393  0.1206877 ]
 [ 0.10572648  0.12834294  0.10657605  0.07008856  0.02812589  0.04953516
   0.02431058  0.0895185   0.02812135  0.02150189  0.04159866  0.04792246
   0.16904559  0.070832    0.04578484  0.02727013  0.21995578  0.08342245
   0.1592396   0.0420818   0.0191187   0.04112279  0.05288033  0.08933784
   0.02944275  0.08689563  0.03888788  0.06313422  0.18001237  0.00526224
   0.02343305  0.18210579  0.04094112  0.02668371  0.11205664  0.01402778
   0.06027194  0.14421712  0.03150278  0.04958177  0.06412224  0.06867467
   0.08618215  0.07787852  0.02504195  0.0101308   0.02705736  0.11270834
   0.0446146   0.02039324  0.07285103  0.06811257  0.03042485  0.13506821
   0.21076586  0.04795997  0.051412    0.06786601  0.03737009  0.10237589
   0.01356374  0.05031017  0.10908185  0.03322146  0.09282502  0.01753464
   0.03390083  0.0220594   0.03580016  0.06264297  0.09881787  0.05303535
   1.          0.11863956  0.1468179   0.03223406  0.05126189  0.03630922
   0.06599628  0.049048  ]
 [ 0.11962557  0.07364753  0.10115575  0.08225888  0.09133929  0.06623049
   0.0253539   0.06176476  0.08532     0.06674483  0.03722918  0.09548427
   0.06198882  0.08700492  0.02354787  0.12389297  0.13967794  0.12612988
   0.1335467   0.02636843  0.04823396  0.07278035  0.0778865   0.0563818
   0.09149646  0.08677037  0.07891695  0.11400294  0.10617109  0.06417347
   0.02139936  0.17878378  0.14284536  0.06887507  0.13883438  0.07555533
   0.08807249  0.06472081  0.10539722  0.0816328   0.06354688  0.09819393
   0.09631852  0.10010809  0.051324    0.0200017   0.06701714  0.07622219
   0.1144115   0.04509947  0.11045218  0.12257929  0.04503803  0.11890376
   0.07562389  0.02332036  0.08587708  0.03224592  0.1179323   0.0591225
   0.11163054  0.16884328  0.12770505  0.04381522  0.1800386   0.08354743
   0.02158381  0.08053371  0.06434617  0.10985402  0.09889585  0.0944292
   0.11863956  1.          0.0776217   0.08575361  0.13951829  0.04702208
   0.16375185  0.08603985]
 [ 0.10046109  0.08951061  0.15329939  0.18611908  0.117609    0.22334486
   0.1175727   0.08077827  0.10071811  0.15341724  0.18154129  0.08192484
   0.16438828  0.10215041  0.08774365  0.06813677  0.14353563  0.05736055
   0.22526993  0.13601071  0.15361364  0.12186857  0.03032564  0.26369402
   0.11032699  0.13478367  0.20334758  0.13101375  0.13456651  0.09668078
   0.17823383  0.19694732  0.09509475  0.09962386  0.16922318  0.1872302
   0.25410791  0.15759046  0.09717983  0.06402202  0.21382997  0.09256341
   0.08306298  0.08407841  0.09864314  0.21014277  0.16454834  0.27561843
   0.09753896  0.07572926  0.11750509  0.01846739  0.19509786  0.14708905
   0.18025736  0.16463577  0.05654311  0.12444268  0.13106717  0.19806648
   0.07419055  0.18656763  0.10301047  0.10797665  0.11462286  0.11482871
   0.04623382  0.04146574  0.1935329   0.15857915  0.08593625  0.13015848
   0.1468179   0.0776217   1.          0.13217317  0.20022002  0.01161241
   0.09944071  0.07339506]
 [ 0.13051376  0.14159305  0.21183173  0.07473976  0.13852893  0.09430922
   0.1574848   0.08316318  0.04212492  0.2481687   0.07531301  0.15989815
   0.14842344  0.0763745   0.0930013   0.05628155  0.0621707   0.07614202
   0.06731865  0.05637846  0.07317597  0.07028363  0.03133402  0.14845926
   0.          0.14942337  0.13427665  0.15002396  0.09472949  0.14930524
   0.04765342  0.15659605  0.07286312  0.10453869  0.06540694  0.09878959
   0.22155138  0.03408659  0.0974247   0.07140961  0.10926593  0.04176478
   0.17722744  0.08444357  0.17317663  0.13314017  0.07438677  0.10315922
   0.11319398  0.14018511  0.10413434  0.05062623  0.07779381  0.15143287
   0.09940242  0.07702296  0.05080197  0.04928761  0.06500236  0.08143505
   0.23477861  0.36389296  0.0861818   0.14516298  0.27476183  0.02898074
   0.02438738  0.05301989  0.17986977  0.14903884  0.05671822  0.17762241
   0.03223406  0.08575361  0.13217317  1.          0.12070016  0.084756
   0.08631184  0.16930576]
 [ 0.08084693  0.11630384  0.19522794  0.23281028  0.17781751  0.18260465
   0.06568775  0.09091008  0.1066583   0.19543089  0.14625464  0.10790946
   0.13623631  0.10697171  0.08696161  0.16179364  0.07734548  0.07594066
   0.25915074  0.18423829  0.16209142  0.16357908  0.07509108  0.16264679
   0.06711073  0.12205335  0.15418623  0.21121006  0.11253178  0.10318106
   0.20691028  0.11502331  0.06972004  0.0935798   0.22380599  0.13281301
   0.20938536  0.09593779  0.07428046  0.13141647  0.14022206  0.1041201
   0.13476938  0.08353332  0.12650815  0.16773164  0.1802011   0.2673684
   0.08580042  0.08762014  0.11826204  0.12059883  0.13398057  0.10179995
   0.16195081  0.10300015  0.08816341  0.106424    0.10198365  0.07121527
   0.06565471  0.12281922  0.13123438  0.14165958  0.12267904  0.09564257
   0.0455313   0.08248843  0.14664195  0.15320172  0.06049973  0.18276851
   0.05126189  0.13951829  0.20022002  0.12070016  1.          0.07479937
   0.14609281  0.08697237]
 [ 0.13412398  0.0687197   0.1675167   0.07945896  0.24183987  0.08356028
   0.05094667  0.06794737  0.05937215  0.08998825  0.08759906  0.05242748
   0.11894714  0.0809969   0.0320753   0.17177085  0.05893107  0.16256543
   0.07342438  0.05860501  0.02476125  0.09494323  0.10242478  0.07788834
   0.03134329  0.10732702  0.10719046  0.13606118  0.1353126   0.11324986
   0.01781451  0.0906173   0.06421213  0.01928082  0.08338821  0.06045512
   0.11194483  0.03569305  0.10127691  0.08926112  0.09635094  0.08034096
   0.08268491  0.17438542  0.23900023  0.01024615  0.10579325  0.0988364
   0.09651923  0.1277762   0.1271013   0.0927539   0.0456759   0.24023147
   0.04663833  0.04780869  0.06248052  0.06146027  0.05026071  0.01957599
   0.05058494  0.15280614  0.12357362  0.16748998  0.09724304  0.03966668
   0.0126136   0.06539825  0.09376473  0.06952315  0.11913881  0.06799371
   0.03630922  0.04702208  0.01161241  0.084756    0.07479937  1.
   0.06075294  0.14169561]
 [ 0.04758635  0.09263681  0.08470012  0.15083336  0.10941683  0.08070224
   0.09866863  0.13006615  0.0778134   0.1216383   0.10452144  0.10180853
   0.08674543  0.10253201  0.05572808  0.09327253  0.07568211  0.16886824
   0.16384843  0.11629151  0.08172574  0.14109611  0.03114769  0.10442233
   0.05091615  0.10477151  0.11987952  0.1648902   0.06923093  0.13113303
   0.09911669  0.07715893  0.06836513  0.13852236  0.15675497  0.12356049
   0.09313577  0.11018758  0.08601778  0.14658267  0.11677625  0.05387494
   0.04129436  0.07132432  0.06363999  0.08660866  0.16167102  0.14815116
   0.08292062  0.07119839  0.10054443  0.05471387  0.05990652  0.06954747
   0.09085146  0.08507955  0.08675105  0.11568294  0.08095493  0.05863933
   0.07355779  0.15428671  0.17323065  0.08013153  0.14920366  0.09978649
   0.05328556  0.05650117  0.12108108  0.15544928  0.10951801  0.14704393
   0.06599628  0.16375185  0.09944071  0.08631184  0.14609281  0.06075294
   1.          0.08397273]
 [ 0.21565487  0.13153089  0.23387558  0.11853229  0.10638483  0.06682551
   0.0956021   0.08283601  0.05963612  0.06363171  0.05041504  0.09630763
   0.10249561  0.05216222  0.05584745  0.1252589   0.05820504  0.05246352
   0.10875742  0.05468187  0.08963442  0.17544402  0.04464415  0.15533891
   0.02130151  0.11104802  0.12907004  0.18112254  0.11366457  0.0833206
   0.07899869  0.08349329  0.03466139  0.06429754  0.07598861  0.12996812
   0.15339497  0.08127289  0.14073495  0.07525877  0.08746523  0.02482012
   0.10895069  0.07625974  0.18950762  0.08468008  0.10112297  0.10216642
   0.17517596  0.19871309  0.06678555  0.11288773  0.05622805  0.19401797
   0.0583673   0.05520215  0.0621403   0.1036152   0.05905286  0.03069443
   0.10922282  0.1688391   0.06028282  0.10325548  0.17698215  0.07631629
   0.14269864  0.04982781  0.08856036  0.06718263  0.05051774  0.1206877
   0.049048    0.08603985  0.07339506  0.16930576  0.08697237  0.14169561
   0.08397273  1.        ]]
